0.0000000000000000025767571091549810000000
0.0000000000000000025767571091550269000000
0.0000000000000000025767571091550500000000
0.0000000000000000025767571091550812000000
0.0000000000000000025767571091551120000000
0.0000000000000000025767571091551424000000
0.0000000000000000025767571091551736000000
0.0000000000000000025767571091552045000000
0.0000000000000000025767571091552349000000
0.0000000000000000025767571091552661000000
0.0000000000000000025767571091552965000000
0.0000000000000000025767571091553266000000
0.0000000000000000025767571091553578000000
0.0000000000000000025767571091553882000000
0.0000000000000000025767571091554194000000
0.0000000000000000025767571091554502000000
0.0000000000000000025767571091554806000000
0.0000000000000000025767571091555118000000
0.0000000000000000025767571091555426000000
0.0000000000000000025767571091555735000000
0.0000000000000000025767571091556039000000
0.0000000000000000025767571091556351000000
0.0000000000000000025767571091556655000000
0.0000000000000000025767571091556956000000
0.0000000000000000025767571091557268000000
0.0000000000000000025767571091557572000000
0.0000000000000000025767571091557872000000
0.0000000000000000025767571091558184000000
0.0000000000000000025767571091558493000000
0.0000000000000000025767571091558797000000
0.0000000000000000025767571091559109000000
0.0000000000000000025767571091559417000000
0.0000000000000000025767571091559725000000
0.0000000000000000025767571091560029000000
0.0000000000000000025767571091560341000000
0.0000000000000000025767571091560646000000
0.0000000000000000025767571091560946000000
0.0000000000000000025767571091561258000000
0.0000000000000000025767571091561562000000
0.0000000000000000025767571091561863000000
0.0000000000000000025767571091562445000000
0.0000000000000000025767571091566736000000
0.0000000000000000025767571091597812000000
0.0000000000000000025767571091804996000000
0.0000000000000000025767571093131022000000
0.0000000000000000025767571101368348000000
0.0000000000000000025767571151163528000000
0.0000000000000000025767571444383577000000
0.0000000000000000025767573127492313000000
0.0000000000000000025767582551218959000000
0.0000000000000000025767634049940189000000
0.0000000000000000025767908902858164000000
0.0000000000000000025769342405538844000000
0.0000000000000000025776653012880007000000
0.0000000000000000025813130697556150000000
0.0000000000000000025991320385632540000000
0.0000000000000000026843995477872169000000
0.0000000000000000030843415538322522000000
0.0000000000000000049242364764845813000000
0.0000000000000000132312684577986450000000
0.0000000000000000500640714449069460000000
0.0000000000000002105526931951204100000000
0.0000000000000008981982569044046900000000
0.0000000000000037974920529334666000000000
0.0000000000000158347926544831350000000000
0.0000000000000650821472030460290000000000
0.0000000000002637676131877643600000000000
0.0000000000010548013992501114000000000000
0.0000000000041650035935728646000000000000
0.0000000000162505620621084400000000000000
0.0000000000626965499408327270000000000000
0.0000000002393608476543927900000000000000
0.0000000009049078613991273200000000000000
0.0000000033899882146881825000000000000000
0.0000000125929166552316440000000000000000
0.0000000464161640005541540000000000000000
0.0000001698611830120296300000000000000000
0.0000006175232200967561200000000000000000
0.0000022314272033642856000000000000000000
0.0000080186523097461798000000000000000000
0.0000286688750467853810000000000000000000
0.0001020222548402150200000000000000000000
0.0003615079309392917500000000000000000000
0.0012760020615847612000000000000000000000
0.0044853327945661454000000000000000000000
0.0158104829074825760000000000000000000000
0.0562952018736209910000000000000000000000
0.1168220708888685500000000000000000000000
0.1955102622397452700000000000000000000000
0.0000000000000000000000000000000000000000
