0.0000000000000000025767571091549810000000
0.0000000000000126641655490941760000000000
0.0000000000228973484564555300000000000000
0.0000000152299797447126290000000000000000
0.0000037266531720786709000000000000000000
0.0003354626279025118500000000000000000000
0.0111089965382423060000000000000000000000
0.1353352832366127000000000000000000000000
0.6065306597126334200000000000000000000000
1.0000000000000000000000000000000000000000
0.6065306597126334200000000000000000000000
0.1353352832366127000000000000000000000000
0.0111089965382423060000000000000000000000
0.0003354626279025118500000000000000000000
0.0000037266531720786709000000000000000000
0.0000000152299797447126290000000000000000
0.0000000000228973484564555300000000000000
0.0000000000000126641655490941760000000000
0.0000000000000000025767571091549810000000
0.0000000000000000000001928749847963917800
0.0000000000000000000000000053110922496791
0.0000000000000000000000000000000538018616
0.0000000000000000000000000000000000002005
0.0000000000000000000000000000000000000000
0.0000000000000000000000000000000000000000
0.0000000000000000000000000000000000000000
0.0000000000000000000000000000000000000000
0.0000000000000000000000000000000000000000
0.0000000000000000000000000000000000000000
0.0000000000000000000000000000000000000000
0.0000000000000000000000000000000000000000
0.0000000000000000000000000000000000000000
0.0000000000000000000000000000000000000000
0.0000000000000000000000000000000000000000
0.0000000000000000000000000000000000000000
0.0000000000000000000000000000000000000000
0.0000000000000000000000000000000000000000
0.0000000000000000000000000000000000000000
0.0000000000000000000000000000000000000000
0.0000000000000000000000000000000000000000
0.0000000000000000000000000000000000000000
0.0000000000000000000000000000000000000000
0.0000000000000000000000000000000000000000
0.0000000000000000000000000000000000000000
0.0000000000000000000000000000000000000000
0.0000000000000000000000000000000000000000
0.0000000000000000000000000000000000000000
0.0000000000000000000000000000000000000000
0.0000000000000000000000000000000000000000
0.0000000000000000000000000000000000000000
0.0000000000000000000000000000000000000000
0.0000000000000000000000000000000000000000
0.0000000000000000000000000000000000000000
0.0000000000000000000000000000000000000000
0.0000000000000000000000000000000000000000
0.0000000000000000000000000000000000000000
0.0000000000000000000000000000000000000000
0.0000000000000000000000000000000000000000
0.0000000000000000000000000000000000000000
0.0000000000000000000000000000000000000000
0.0000000000000000000000000000000000000000
0.0000000000000000000000000000000000000000
0.0000000000000000000000000000000000000000
0.0000000000000000000000000000000000000000
0.0000000000000000000000000000000000000000
0.0000000000000000000000000000000000000000
0.0000000000000000000000000000000000000000
0.0000000000000000000000000000000000000000
0.0000000000000000000000000000000000000000
0.0000000000000000000000000000000000000000
0.0000000000000000000000000000000000000000
0.0000000000000000000000000000000000000000
0.0000000000000000000000000000000000000000
0.0000000000000000000000000000000000000000
0.0000000000000000000000000000000000000000
0.0000000000000000000000000000000000000000
0.0000000000000000000000000000000000000000
0.0000000000000000000000000000000000000000
0.0000000000000000000000000000000000000000
0.0000000000000000000000000000000000000000
0.0000000000000000000000000000000000000000
0.0000000000000000000000000000000000000000
0.0000000000000000000000000000000000000000
0.0000000000000000000000000000000000000000
0.0000000000000000000000000000000000000000
0.0000000000000000000000000000000000000000
0.0000000000000000000000000000000000000000
0.0000000000000000000000000000000000000000
0.0000000000000000000000000000000000000000
0.0000000000000000000000000000000000000000
